35
40
32
49
40
50
56
53
65
63
120
160
200
240
241
240
160
90
70
50
39
45
50
60
68
60
40
42
34
25
15
6
15
24
30
34
37
36
39
40
46
51
47
52
58
64
75
90
114
95
66
69
50
42
25
22
30
45
40
43
28
44
40
38
40
36
39
37
34
33
36
38
34
39
36
37
33
35
39
41
45
43
48
51
61
59
70
100
150
200
234
75
61
55
48
55
50
57
64
61
62
64
63
66
80
116
90
70
66
64
57
52
58
62
58
70
68
73
68
80
110
150
220
239
239
200
120
80
69
60
55
52
50
43
46
40
42
40
44
39
46
48
53
50
43
46
38
35
23
27
24
38
45
55
65
66
71
74
82
95
104
89
80
67
71
60
50
40
34
30
34
31
32
38
35
34
36
34
36
33
35
37
29
26
16
21
15
28
34
39
37
70
130
190
222
227
234
95
107
55
37
46
45
46
44
47
48
52
53
51
54
60
70
80
120
105
85
66
68
61
58
55
54
50
48
54
50
63
61
67
80
110
144
175
199
180
140
95
58
52
44
46
48
41
43
40
42
43
40
33
35
37
43
45
40
36
39
35
33
35
33
40
32
40
47
44
48
45
42
47
58
65
73
70
55
47
41
65
55
57
55
50
48
38
43
38
35
33
34
35
37
33
44
39
42
35
32
30
27
37
35
34
35
37
38
48
54
65
71
82
70
64
63
56
53
51
59
55
57
51
42
41
51
60
80
110
80
58
63
56
61
60
64
67
63
52
55
50
70
95
125
150
170
152
145
120
80
55
51
32
35
40
43
45
40
37
34
40
44
37
38
42
36
41
44
42
38
37
39
43
40
42
45
3
3
3
3
35
50
58
66
75
92
97
123
110
86
77
98
110
70
60
50
20
2
10
25
32
29
34
32
35
23
27
30
25
24
28
31
33
35
34
35
38
43
47
53
58
61
63
66
62
64
60
57
61
58
50
55
34
47
60
63
67
72
100
125
105
96
93
91
86
82
65
62
47
45
40
37
47
57
70
90
115
124
113
88
70
60
48
29
45
50
55
50
47
37
32
25
10
25
33
37
40
43
41
40
44
45
42
40
38
40
39
42
48
46
46
50
52
51
60
70
80
94
112
102
95
87
91
87
92
85
70
55
45
41
43
40
43
41
37
41
37
43
40
33
32
28
21
26
32
38
39
31
29
37
29
35
43
40
46
47
48
66
54
65
61
56
58
65
55
57
46
68
63
57
75
122
114
85
72
70
67
80
76
70
64
57
40
31
28
40
95
106
103
95
90
75
62
60
63
56
66
60
55
46
43
35
19
24
20
35
47
44
40
42
37
41
38
35
41
49
51
47
54
43
50
59
57
62
69
77
90
110
130
125
115
100
86
95
103
95
82
70
55
44
35
40
31
37
40
41
43
45
43
38
33
30
35
39
34
36
32
34
47
44
42
46
42
38
36
33
45
60
62
59
70
65
55
51
58
57
58
62
77
75
78
82
91
127
105
82
86
80
75
65
54
64
56
62
57
63
68
70
85
97
85
76
75
65
60
42
47
46
52
49
51
65
172
155
120
80
45
10
3
3
3
5
27
35
43
37
42
49
46
55
58
62
66
70
73
76
90
120
135
120
110
95
87
74
80
86
77
50
45
44
50
43
45
48
40
43
57
55
45
49
46
44
42
33
30
33
31
28
40
45
109
90
70
55
45
4
4
4
4
40
53
44
55
62
55
62
75
70
65
58
61
55
62
70
80
139
125
105
82
86
78
70
64
66
68
60
48
34
51
47
64
88
79
72
77
71
68
62
58
55
51
50
53
51
57
50
53
54
46
55
50
43
48
46
52
49
47
42
39
48
57
53
60
55
61
52
70
97
88
134
126
112
89
80
64
78
65
60
62
59
53
54
51
39
43
40
48
30
33
36
32
36
33
37
38
41
43
6
37
38
43
40
42
39
40
45
50
51
44
55
50
57
58
62
65
30
15
11
10
9
9
9
8
8
8
64
58
90
117
102
95
80
74
71
62
61
64
66
64
65
70
75
70
90
85
81
78
75
71
68
65
63
58
51
52
55
52
55
53
50
53
51
55
57
52
58
54
57
50
44
56
54
70
67
70
100
155
169
143
147
115
84
60
44
49
80
73
70
59
63
56
50
46
44
49
38
45
47
43
45
42
45
38
40
42
36
40
37
34
32
37
32
39
36
31
39
36
38
47
59
57
63
74
66
63
60
70
80
75
70
69
65
58
64
75
77
90
138
130
120
95
80
76
73
75
77
68
73
71
68
74
80
86
96
92
93
96
79
65
48
55
58
63
66
65
58
55
57
58
49
51
55
58
56
53
50
52
53
51
55
58
62
64
66
61
67
60
80
100
115
140
130
120
103
95
88
93
75
69
65
60
53
55
52
49
52
46
47
50
45
41
42
44
42
43
45
47
45
42
44
40
42
40
42
46
43
45
40
38
43
41
42
48
56
49
53
49
51
52
48
53
50
55
57
58
62
58
63
60
70
78
60
53
55
46
43
40
44
43
45
44
46
43
40
34
41
36
39
43
40
33
36
28
29
30
32
34
30
32
34
31
29
30
29
32
34
32
29
30
29
24
27
30
28
30
28
29
32
35
27
31
36
32
36
34
31
36
32
27
32
29
31
28
24
26
30
34
28
32
30
33
28
33
32
26
29
27
29
