9942 8655
9135 8556
9900 8574
11079 8505
15019 8575
14980 8448
10574 8447
9648 8600
9289 8672
10307 8378
11199 8524
13525 8471
11823 8474
10273 8419
9391 8432
9600 8520
10456 8569
11890 8412
15876 8397
11727 8536
10181 8453
9367 8541
9785 8791
10997 8562
11923 8559
13612 8588
10921 8372
9758 8636
9462 8566
10208 8345
11580 8411
13658 8567
13975 8527
10660 8466
9556 8449
9314 8347
10592 8461
11696 8372
13300 8371
12268 8241
10210 8136
9490 8412
9743 8144
10882 8220
12626 8255
15837 8226
12393 8194
10184 8089
9285 8149
9921 8351
10948 8146
11811 8044
13317 8096
11126 8170
9341 8205
9213 8141
10334 8572
12497 7924
14004 8057
14295 8155
11225 8116
9648 7891
9333 8107
10927 7997
11690 7898
13046 7966
12325 8021
10219 8034
9362 7973
9810 8031
11624 8234
13210 8120
15510 8133
12838 8149
10624 8022
9576 8048
10194 8047
11617 8268
12370 8136
13567 8137
11185 8129
9871 8135
9698 8155
11037 8187
12956 8221
14548 8150
15034 8300
11860 8348
9857 8593
10303 8064
11385 8383
12110 8044
13691 8269
12700 8031
10663 8249
9859 8232
10981 8299
12035 8320
14128 8238
15844 8319
13462 8424
10942 8243
10344 8380
11447 8300
11861 8538
12863 8402
14215 8661
12083 8726
10289 8610
10429 8647
11830 8461
13275 8601
14873 8462
14912 8514
12226 8701
10534 8760
12448 8816
12222 8679
12803 8647
14943 8773
13537 8697
11392 8693
10291 8854
12007 8927
12616 8124
14397 7800
15610 7942
14506 7986
11342 8053
12665 8098
14450 8203
11992 8047
13577 8101
14877 8183
12395 8195
10458 8094
11465 8299
12790 8260
13320 8433
16421 8431
17707 8447
14419 8426
12044 8482
28484 8508
12400 8484
13171 8596
16259 8668
14362 8763
11978 8979
11071 8797
14062 8838
12693 8929
15943 8978
20581 9033
18248 9050
13770 9088
27120 9425
17672 9267
13177 9447
15372 9645
16883 9510
13616 9616
11836 9804
15993 9779
13385 9928
15045 9932
20811 10008
21450 10113
17231 10195
15635 10409
57834 10606
13390 10455
14935 10602
17855 10648
15589 10615
13570 10762
15034 10920
17485 10864
14683 11069
20308 11348
23664 11179
21167 11311
16211 11257
43240 11573
19658 11848
15010 11590
16839 11850
18277 12196
15539 12295
14330 12372
24559 12608
15142 12401
19067 12604
24206 12898
24095 12491
19495 13288
17322 13482
26023 13320
15942 13629
16929 13711
19484 13976
17367 14113
16155 14227
19938 14353
18698 14425
18752 14673
23713 14676
26690 14979
22794 15238
18636 15314
21921 15413
18056 15804
18433 15712
20093 15748
20307 16001
18812 16297
17944 16337
22556 16491
19209 16752
22663 16765
30068 17186
25436 17394
22254 17420
20290 17494
21105 17900
19601 17920
20826 18210
22513 18101
21276 18636
20343 18623
22502 18563
22186 18838
22999 19164
26175 19297
30266 19273
24365 19422
22087 19676
22231 19826
21801 20147
22253 20003
23207 20432
23380 20407
22673 20550
22451 20834
24432 20926
23922 21380
26819 21446
28958 21706
28212 22257
25625 22239
24271 22349
24300 22533
24101 22718
24723 22812
24495 22942