4612 3630
5267 3591
4291 3694
4110 3613
4064 3563
4081 3694
3946 3823
4028 3647
3874 3640
5193 3680
5851 3554
6653 3592
7481 3651
6039 3700
5315 3785
4488 3942
4399 3831
4754 3886
5098 3864
5283 3822
4870 3900
5084 3884
4814 3766
4693 3782
7505 3570
7383 3640
6547 3832
5218 3746
4778 3802
4697 3762
5945 3827
6806 3905
5569 3726
5036 3833
5261 3833
5976 3771
6795 3876
8549 3726
6885 3860
5479 3905
4630 3732
4420 3870
4867 3854
4463 3906
5793 3902
5043 3985
4434 3882
4167 4083
4246 3940
7130 3972
10329 4135
9149 4124
6784 4232
5312 4180
5135 4347
7446 4181
25005 4100
8704 4334
5233 4394
5351 4441
5325 4405
4576 4354
4861 4541
7972 4567
7091 4530
5581 4697
5092 4807
5619 4771
10399 4690
27340 4781
6228 4771
5710 4981
5487 5206
5361 5390
8323 5305
14758 5111
13230 4861
9719 4696
7015 4791
6417 5022
7744 4904
25619 5197
13319 5284
6881 5303
6575 5745
7604 5746
9622 5612
13839 5930
13239 6741
10256 6903
8490 6684
7664 6672
8189 6660
14744 6992
18719 7306
9791 7522
8355 7567
8208 7631
8573 7850
8709 8314
14062 8524
20056 9085
16745 10013
13781 10647
11876 10447
12550 10360
15182 10850
14690 11306
13466 12044
13676 12701
14894 13122
15088 14435
22693 15495
24362 16300
21899 17791
21159 18881
21336 19893
22934 20926
25676 22750
29160 24265
28723 25684
30466 27332
35306 29167
40979 30791
46145 32283
49669 33586
49276 35067
46133 37003
43237 38496
42878 40240
44856 42060
45853 42481
45850 43162
45643 43741
45456 42856
46097 44303
48515 44031
54400 43986
53740 45101
48545 43671
45440 43481
44286 43200
43816 42173
43601 39844
44114 41676
43991 39971
42597 36647
43094 35217
44818 34391
45286 32906
45597 30890
41761 29875
37131 28865
31700 28612
30340 29266
28479 28461
28793 28080
26556 26212
24973 24840
24527 23220
24510 23610
25006 22301
32067 21950
32434 21394
22603 20052
18633 18281
17855 18191
19182 19676
20599 20936
22032 21521
22499 20261
22548 19091
23416 17754
25281 17113
26020 16300
26934 14907
23865 14542
20234 13947
15383 13300
13012 12872
11633 12245
11368 12645
11247 13184
11223 13266
11224 13403
11496 13660
11671 13603
11756 13882
19146 14187
15434 14492
12642 13963
11504 12917
10994 12627
11528 12741
13001 12667
14806 12723
16370 12823
17785 12735
20470 13021
21789 13140
22446 13191
20193 13136
17533 13332
14236 13466
12268 13761
11530 13870
11699 14341
11806 14134
12009 14002
11630 13862
11798 13261
14641 13740
50469 13492
44032 13600
13382 13921
11500 13450
11104 13931
11203 14093
11467 13734
10172 13350
13622 13397
15797 13332
16815 13275
18326 13262
19822 13231
19837 13820
18457 13597
16516 13501
13605 13891
12031 13971
10447 13391
10403 13594
10549 13710
10838 13761
10694 13761
11213 13741
13782 13780
54109 13901
13365 14061
13254 14123
11225 14112
11007 13807
11194 14367
11105 14754
11207 15030
12914 15200
15644 15091
15006 15491
11675 16184
12526 16505