5275 990
3045 944
1601 981
1026 983
1313 944
9940 901
1425 970
2339 991
2174 973
3020 977
4552 1026
6292 986
6481 990
5464 957
3851 990
2051 957
1526 962
1608 1027
2869 1144
4006 955
2851 976
2175 1021
2662 1054
3522 1004
4866 974
7719 1041
6636 1095
3684 1050
1973 1020
1085 1000
1467 1042
3789 1020
6901 995
2925 933
1835 950
2170 975
3547 890
5496 1011
8616 991
8675 974
6556 994
3236 983
1715 1034
1761 1024
11501 1021
30727 954
5694 1081
1916 1123
1805 955
2805 982
5035 1021
9673 995
9797 1067
4760 1110
2417 1110
1303 1104
1629 1121
8507 1104
42014 1140
7403 1084
1939 1150
1718 1165
2937 1316
6967 1113
11097 1164
12466 1180
8721 1121
4588 1201
2196 1212
1888 1222
4854 1220
3135 1254
10967 1244
1835 1304
1277 1251
2615 1190
4997 1274
8822 1291
10366 1301
5034 1267
2727 1352
1477 1263
1737 1361
5153 1416
19575 1271
6016 1331
2051 1391
2102 1442
4915 1370
10119 1385
15079 1343
19193 1431
11920 1424
6298 1425
2821 1450
2053 1480
3870 1501
8237 1445
4942 1522
2285 1470
1699 1550
2454 1521
4865 1611
9387 1531
11963 1693
5576 1766
3192 1540
1744 1675
1835 1627
3426 1601
6755 1620
5567 1590
2417 1644
4239 1686
7682 1686
12189 1614
14884 1700
16518 1637
12597 1643
7136 1773
3214 1700
2104 1830
2982 1770
3580 1771
2899 1841
2496 1764
2198 1880
3013 1880
4769 2037
9417 1941
11522 1897
5459 1971
3221 1964
2003 2015
2211 1924
1808 2021
3414 2246
3708 1971
4196 1967
6682 2131
11022 1081
13706 2101
16211 2146
16860 2261
12961 2191
7673 2141
3734 2386
2331 2266
2877 2266
2978 2337
2528 2263
2386 2254
2733 2310
3062 2274
1786 2251
10472 2460
14098 2376
6265 2300
3415 2345
2521 2436
2332 2496
2387 2491
2709 2485
4424 2423
5174 2490
7877 2541
10923 2640
12920 2686
15008 2794
14167 2642
11452 2796
7328 2755
3866 2710
2640 2851
2752 2785
2771 2823
2543 2882
2962 1830 
2802 2831
3523 3431
5155 2955
19587 2981
22613 3042
6247 2952
3416 3111
2842 3107
2464 3042
2780 3120
3748 3232
5822 3260
7084 3541
8722 3396
10989 3435
13599 3276
14182 3473
13694 3250
10934 3281
8221 3360
4498 3516
3231 3514
2749 3501
2903 3587
3095 3620
3055 3644
3200 3674
3779 3745
5718 3837
33027 3742
3783 3776
5985 3701
3757 3743
3226 3841
2926 3792
3596 3862
4384 4062
5938 3982
7763 3912
9018 3951
10928 4035
6615 3960
2702 4090  