241 650
231 644
229 592
353 991
324 961
250 730
241 584
265 640
289 593
225 584
243 590
214 586
381 1001
485 1202
623 1522
1071 2443
749 1781
456 1023
316 770
312 830
282 704
236 654
251 667
253 715
277 706
241 552
210 574
364 1010
674 2570
764 2995
448 1307
358 902
268 680
259 585
257 622
268 671
262 584
298 661
442 1093
485 1157
521 1241
638 1607
803 2052
604 1331
362 913
310 725
277 664
248 663
276 621
261 670
299 700
287 752
299 875
365 1052
495 1411
653 2104
635 1873
407 1163
299 810
257 663
275 610
282 601
310 763
369 830
423 1023
427 946
466 1131
540 1296
625 1492
694 1590
496 1125
350 806
278 693
268 564
279 602
254 700
308 851
275 701
321 724
351 865
449 1155
495 1531
591 1731
509 1441
342 936
289 697
260 653
271 614
311 772
345 890
337 882
389 826
374 927
455 1140
495 1206
694 1546
679 1597
499 1051
334 751
277 605
295 551
307 782
343 960
414 1091
337 747
326 751
379 735
462 1193
521 1490
575 1633
532 1510
353 1116
319 864
309 825
340 1002
615 2102
512 1782
347 950
320 911
363 922
448 1220
672 1685
826 2461
625 1635
464 1145
302 790
309 786
303 917
539 2006
821 2920
368 970
380 1232
295 910
392 1125
578 1793
657 2491
693 2585
510 1854
335 1204
354 911
342 925
1473 5381
770 26244
538 1626
355 871
290 873
350 1015
408 1230 
946 2592
897 2367 
586 1500
401 984
351 822
378 985
607 2170
2097 8864
541 1801
369 951
329 1012
383 1250
575 2090
715 2922
841 3530
700 2637
478 1670
422 1163
382 1020
494 1351
915 3491
676 2482
417 1097
400 1022
406 1066
560 1603
870 2345
1074 2970
677 1833
512 1281
419 1060
743 2174
569 1761
755 2715
790 2465
442 1241
410 1233
540 1681
699 2464
851 3397
1004 4070
865 3231
638 2275
463 1530
430 1303
467 1310
624 1844
557 1755
456 1501
451 1200
456 1263
588 1551
821 2165
1161 3330
865 2303
609 1680
492 1387
435 1314
489 1453
540 1730
585 1891
543 1664
518 1732
606 2161
776 2902
900 3622
1031 4123
953 3695
781 2907
611 1967
524 1607
535 1566
574 1620
594 1781
582 1687
601 1672
538 1651
577 1831
760 2235
1271 3336
1122 3120
764 2260
651 1767
576 1680
557 1771
598 1772
600 1827
636 2051
668 2471
775 2785
826 3243
943 3682
989 4040
1034 4100
912 3397
730 2613
755 1365
650 2001
668 2071
675 2070
619 2040
658 2000
675 2006
739 2175
923 2530
1464 3990
169 4843
935 2931
765 2340
725 2202
670 2192
714 2215
714 2296
787 2524
772 2821
887 3014
945 3651
1025 4015
1105 4330
1155 1584
1039 3916
914 3315
801 2704
778 1555
802 2512
805 2581
791 2610