24611 1667
20313 1631
8753 1730
1822 1651
1773 1630
1851 1641
1792 1722
1787 1591
1761 1710
2144 1734
2792 1651
2361 1651
2589 1671
1377 1645
4651 1646
11305 1761
10553 1770
5208 1717
1898 1641
2179 1611
2030 1683
1914 1724
1886 1764
1902 1715
1840 1737
1947 1631
1056 1671
3374 1754
5368 1651
9852 1750
17727 1982
56315 1761
34516 1787
15968 1694
11269 1753
7798 1744
3662 1721
2372 1716
4359 1865
4151 1792
3269 1785
2030 1761
1926 1831
2060 1787
1926 1902
3895 1974
3878 1917
5417 2482
3866 1835
2670 1846
2158 1772
1947 1810
1987 1852
1975 1834
1899 1910
2497 1877
1989 1911
1957 2464
2019 1962
2087 1986
6424 1895
20613 1965
18497 1864
26304 1925
17303 1901
10665 2020
8358 1941
6552 1915
5448 1995
5037 1915
4734 2041
4567 1900
4451 2001
4260 1966
4033 1980
4347 2051
4084 2067
4139 2025
3919 2034
3128 1920
2452 2001
2241 2056
2225 1993
2201 2041
2064 2001
2110 2172
2076 1985
2177 2091
2148 1991
3231 2154
7179 2077
9863 2001
12925 2120
15702 2100
19271 2086
14857 2150
10661 2051
8118 2100
6645 2095
5831 2121
5665 2242
5336 2254
5542 2295
5581 2181
5254 2205
5012 2221
5085 2294
4251 2224
3624 2290
3248 2271
2851 2300
2500 2371
2421 2370
2352 2376
2418 2251
2500 2321
2316 2351
2289 2572
2329 2471
2408 2436
3384 2444
7314 2434
8330 2460
8423 2442
10698 2453
11521 2461
24380 2475
11077 2494
7913 2540
6867 2374
6352 2500
5974 2460
6016 2443
6257 5651
6490 2704
6440 2675
6520 2687
5835 2650
5214 2660
3989 2811
3112 2711
2827 2697
2902 2754
2795 2817
2734 2816
2699 2830
2752 2850
2735 2826
2626 2831
2696 2900
2653 2960
2643 2884
6717 2893
7378 3051
5151 3041
2846 2956
4533 3011
7763 3023
7767 3137
8214 3077
7073 3007
6298 3071
6549 2970
6752 3132
6773 3060
6636 3181
3549 3172
5957 3114
6251 3421
5568 3153
4315 3166
3467 3153
3069 3290
2992 3303
3052 3275
2993 3350
2989 3356
2853 3432
3145 3347
3161 3325
3011 3411
3237 3402
4314 3485
6108 3501
3600 3631
7118 3490
7280 3493
6780 3556
6767 3620
6670 3686
7618 3817
6903 3900
7329 4410
7671 3761
7614 3816
7733 3797
8095 3786
7664 3890
7548 4041
6776 3954
5877 3871
4916 4013
3848 3966
3493 3966
3577 3981