  1    508
  2    435
  3  11556
  4    479
  5    565
  6    527
  7    450
  8    506
  9    511
 10    398
 11    439
 12    435
 13    833
 14    459
 15  11391
 16    463
 17    416
 18    412
 19  12480
 20    458
 21   1130
 22    451
 23  10386
 24    403
 25    424
 26   1453
 27    401
 28    451
 29    490
 30    526
 31    465
 32    447
 33    425
 34   2515
 35    408
 36  11627
 37    482
 38    397
 39    488
 40   9702
 41    483
 42   3701
 43    550
 44   9601
 45    418
 46    443
 47   4414
 48    419
 49    470
 50    463
 51    417
 52    476
 53    450
 54    475
 55   5002
 56    548
 57   9218
 58    469
 59    433
 60   6811
 61   2444
 62    463
 63   6653
 64    416
 65   7715
 66    387
 67    469
 68   7279
 69    399
 70    500
 71    422
 72    454
 73    526
 74    448
 75    480
 76   8899
 77    500
 78   7200
 79    410
 80    433
 81   6263
 82    385
 83    462
 84   8013
 85    543
 86   5716
 87    459
 88   7651
 89   3503
 90    466
 91    458
 92    390
 93    489
 94    561
 95    411
 96    423
 97   9610
 98   4227
 99    460
100    484
101    405
102   3769
103    451
104    446
105  10371
106    459
107   2678
108    428
109  10656
110    422
111    429
112    465
113    430
114    476
115    431
116    385
117    404
118  11766
119   1865
120    425
121    412
122    450
123   1305
124    389
125   7175
126   3929
127    383
128    817
129    420
130  10857
131    435
132    420
133    456
134    429
135    404
136    452
137    460
138   7388
139   3511
140    634
141    414
142    422
143    446
144    546
145    486
146  11486
147    475
148    393
149    494
150    486
151  11263
152    464
153    457
154    421
155    422
156    434
157    447
158    485
159   9845
160    453
161    428
162    420
163    412
164    418
165    420
166    428
167   9483
168    478
169    455
170    475
171    433
172  10551
173    482
174    433
175    517
176    436
177    492
178    433
179    434
180  12718
181    461
182    465
183    467
184    442
185    482
186    524
187    545
188  10859
189    488
190    490
191    433
192    455
193  11828
194    461
195    394
196    394
197    418
198    463
199    417
200    486
201  12082
202    428
203    494
204    498
205    535
206    480
207    431
208    411
209   9512
210    373
211    466
212    393
213    477
214  11706
215    486
216    441
217    484
218    412
219    414
220    441
221    409
222  10180
223    448
224    391
225    427
226    475
227    383
228    399
229    416
230  11419
231    474
232    498
233    478
234    442
235  11299
236    404
237    414
238    435
239    405
240    415
241    385
242    401
243  12022
244    455
245    455
246    457
247    412
248    403
249    434
250    425
251  10751
252    459
253    486
254    448
255   1891
256   8591
257    440
258    504
259    415
260    446
261    481
262    419
263    433
264  11342
265    499
266    420
267    486
268    395
269    407
270    502
271    465
272  11428
273    409
274    498
275    418
276  10750
277    383
278    388
279    550
280    423
281    382
282    414
283    423
284    431
285  11716
286    473
287    395
288    722
289    433
290    449
291    436
292   1178
293   8503
294    498
295    804
296    407
297  11468
298    500
299    435
300   1123
301    405
302    431
303    443
304    436
305   1623
306   9302
307    452
308    375
309   2007
310    422
311    437
312    392
313  11480
314    476
315    411
316   2741
317    361
318  11619
319    391
320    448
321   3788
322    429
323    419
324    443
325    439
326  11145
327    529
328    464
329    441
330   4622
331    417
332    371
333    416
334  10789
335    456
336   1565
337   4311
338    420
339   8854
340    451
341    415
342   7401
343    407
344    384
345    437
346    481
347  10415
348    413
349    468
350   8481
351    450
352    472
353    433
354    338
355   7579
356    412
357   9212
358    368
359    430
360   7685
361    408
362    416
363   9367
364    465
365    490
366    434
367    469
368   7400
369    393
370    446
371   9927
372    412
373    466
374    422
375    550
376   4245
377    498
378  10923
379    385
380    462
381   3765
382    423
383    430
384  10770
385    407
386    455
387    453
388    443
389   3435
390    427
391    371
392  10555
393    362
394    497
395    408
396    409
397   1903
398    450
399  11381
400    418
401    422
402   1187
403    437
404    450
405  10525
406    416
407    426
408    441
409    396
410   1128
411    406
412    398
413   9717
414    387
415    375
416    419
417    467
418    610
419    420
420  11279
421    436
422    393
423    519
424    504
425   9914
426    394
427    484
428    454
429    382
430    436
431    583
432    412
433    391
434  11018
435    365
436    394
437    380
438    433
439    479
440    388
441  10401
442    406
443    478
444    417
445    381
446  10590
447    441
448    426
449    419
450    434
451    387
452    531
453    440
454    380
455  10617
456    422
457    411
458    419
459    425
460    421
461    433
462  11121
463    377
464    432
465    368
466    408
467  10710
468    431
469    430
470    391
471    373
472    366
473    492
474    417
475    380
476  10888
477    441
478    407
479    417
480    448
481    503
482    407
483  10801
484    444
485    397
486    519
487    368
488  11084
489    444
490    430
491    423
492    411
493    456
494    564
495    519
496    508
497  10414
498    402
499    426
500    342
501    448
502    424
503    422
504  11196
505    407
506    405
507    456
508    402
509   9353
510    442
511    417
512    392
513    373
514    429
515    430
516    343
517   5545
518   3841
519    423
520    451
521    409
522    452
523    431
524   9974
525    362
526    427
527    422
528    439
529    431
530  10701
531    409
532    407
533    379
534    408
535    461
536    407
537    432
538  10328
539    447
540    447
541    406
542    416
543    420
544    402
545  10815
546    399
547    415
548    500
549    400
550    404
551  10267
552    390
553    412
554    352
555    443
556    426
557    394
558    459
559   9637
560    404
561    473
562    434
563    415
564    465
565    574
566   9527
567    474
568    494
569    699
570    540
571    382
572   8482
573    385
574    418
575    372
576    587
577    417
578    338
579    393
580  10231
581    397
582    450
583    338
584    375
585    360
586    325
587   1777
588    365
589    411
590   1663
591    400
592  10621
593   1328
594    428
595    391
596    366
597   1582
598    404
599    462
600    409
601   7965
602    373
603    351
604    402
605    407
606   2801
607    403
608   8920
609    405
610    398
611   3738
612    457
613  10090
614    486
615    378
616    427
617    374
618   4469
619    445
620    390
621    444
622   9208
623    388
624    348
625    379
626    398
627   6203
628    417
629   8906
630    379
631    364
632   6320
633    416
634   8158
635    516
636    401
637    392
638    372
639   6483
640    458
641    406
642    366
643   8334
644    409
645    396
646    403
647    451
648   7939
649    382
650   6432
651    390
652    354
653   9639
654    443
655   5627
656    502
657    435
658    408
659    430
660   8913
661    402
662    381
663    414
664   5757
665    458
666    419
667    568
668    603
669  10715
670    787
671   3491
672    446
673    420
674  10418
675    454
676   3485
677    364
678    532
679    421
680    404
681   9353
682    360
683    513
684   2376
685    541
686    452
687    444
688    460
689    507
690   9944
691   1391
692    397
693    506
694    400
695  11906
696    677
697   1177
698    435
699    640
700    570
701   2836
702   8925
703    517
704    551
705    758
706    624
707    634
708    388
709    405
710    729
711  11561
712    588
713    514
714    690
715  10604
716    893
717    744
718    754
719    457
720    595
721    684
722  10272
723    370
724    566
725    645
726    528
727    674
728    648
729    568
730    616
731    441
732  12311
733    515
734    646
735    664
736  11583
737    551
738    432
739    639
740    320
741    498
742    661
743  10978
744    573
745    390
746    697
747    468
748    664
749    749
750    499
751    705
752   7353
753   3192
754    454
755    666
756    666
757  10286
758    465
759    426
760    535
761    509
762    429
763    569
764  10945
765    464
766    435
767    542
768    449
769    437
770    501
771    359
772    438
773  10711
774    441
775    601
776    436
777    609
778  10338
779    373
780    417
781    485
782    427
783    399
784    388
785  10221
786    441
787    339
788    391
789    451
790    422
791    425
792    365
793    394
794   9964
795    473
796    743
797    703
798    442
799  11453
800    419
801    427
802    379
803    387
804    399
805    434
806  10085
807    411
808    373
809    372
810    416
811    365
812    416
813    377
814    428
815  10574
816    420
817    363
818    423
819    426
820  10685
821    420
822    433
823    451
824    321
825    370
826    454
827  10662
828    439
829    363
830    407
831    368
832    390
833    426
834    407
835    453
836  10125
837    393
838    388
839    329
840    343
841   9610
842    436
843    393
844    366
845    408
846    375
847    363
848   9300
849    322
850    391
851    396
852    328
853    305
854    354
855    378
856    373
857   8207
858    425
859    389
860    375
861    435
862   9504
863    463
864    373
865    337
866    361
867    334
868    383
869   9854
870    356
871    392
872    460
873    477
874    371
875    392
876    602
877    294
878  10185
879    332
880    411
881    408
882   4596
883   5742
884    804
885    378
886    347
887    396
888    366
889   9551
890    406
891    371
892    384
893   1199
894    467
895    355
896    365
897   2088
898    413
899  10839
900    388
901    423
902    455
903  11312
904    467
905   2540
906    390
907    395
908    483
909    396
910  10986
911    435
912    457
913   1757
914   2154
915    446
916    439
917    367
918   4383
919   2354
920   8764
921    363
922    368
923    396
924  10512
925    389
926   5849
927    478
928    391
929    516
930    417
931   9584
932    406
933    364
934   7259
935    389
936    430
937    366
938    413
939   8200
940   8979
941    355
942    394
943    407
944    354
945   7697
946    422
947   9035
948    481
949    360
950    477
951    433
952   7050
953    382
954    370
955  10855
956    414
957    381
958    377
959    390
960  10965
961   6439
962    401
963    370
964    370
965    447
966   4637
967    430
968  11577
969    495
970    542
971    447
972    440
973   3616
974    436
975    420
976  11241
977    465
978    391
979    355
980    354
981  11036
982   3114
983    413
984    317
985    358
986    457
987   1680
988  10468
989   1716
990    413
991    427
992    392
993    591
994   1624
995    434
996    392
997  11415
998    420
999    356
1000    346
1001  11143
1002    416
1003    921
1004    411
1005    379
1006    463
1007    393
1008    652
1009  12505
1010    338
1011    411
1012    345
1013    366
1014    333
1015    589
1016    409
1017    390
1018  11565
1019    415
1020    396
1021    360
1022  10823
1023    410
1024    629
1025    388
1026    360
1027    415
1028    452
1029    477
1030  12384
1031    380
1032    402
1033    374
1034    395
1035    371
1036    460
1037    376
1038    371
1039  11417
1040    351
1041    374
1042    359
1043  11556
1044    427
1045    472
1046    384
1047    374
1048    401
1049    477
1050    389
1051  11622
1052    414
1053    357
1054    338
1055    347
1056    402
1057    354
1058    388
1059    360
1060   9880
1061    439
1062    404
1063    434
1064  11298
1065    413
1066    419
1067    412
1068    378
1069    397
1070    539
1071    388
1072  10085
1073    383
1074    361
1075    370
1076    357
1077    362
1078    389
1079    389
1080    692
1081  10505
1082    382
1083    395
1084    404
1085  10732
1086    413
1087    420
1088    401
1089    400
1090    339
1091    414
1092    388
1093  11524
1094    369
1095    448
1096    443
1097    450
1098    539
1099    456
1100    445
1101  11584
1102    417
1103    447
1104    463
1105    437
1106  11407
1107    451
1108    398
1109    342
1110    367
1111    405
1112    466
1113    370
1114  11082
1115    409
1116    346
1117    467
1118    491
1119    422
1120    428
1121    428
1122  11058
1123    400
1124    382
1125    407
1126    375
1127  11633
1128    473
1129    354
1130    392
1131    408
1132    374
1133    345
1134    406
1135   9663
1136    378
1137    361
1138    407
1139    373
1140    371
1141    412
1142    383
1143   9572
1144    372
1145    416
1146    369
1147    409
1148  10330
1149    442
1150    386
1151    389
1152    436
1153    346
1154    388
1155   4035
1156   7039
1157    391
1158    320
1159    342
1160    356
1161    371
1162    373
1163    320
1164  10161
1165    388
1166    443
1167    324
1168   5626
1169   4507
1170    384
1171    388
1172    358
1173    477
1174    373
1175    402
1176  10340
1177    313
1178    358
1179    335
1180    515
1181    360
1182    446
1183    395
1184    371
1185   9871
1186    356
1187    519
1188    379
1189  10705
1190    375
1191    370
1192    363
1193    330
1194    651
1195    423
1196    375
1197   9280
1198    323
1199    372
1200    774
1201    357
1202    362
1203    351
1204    315
1205    336
1206   9811
1207    378
1208   1290
1209    356
1210   8688
1211    390
1212    321
1213    331
1214    378
1215   2239
1216    332
1217    381
1218  10117
1219    387
1220    348
1221   3120
1222    352
1223    384
1224    353
1225    382
1226    305
1227  10044
1228    435
1229   3775
1230    349
1231  10060
1232    403
1233    355
1234    410
1235    394
1236   4749
1237    372
1238    380
1239   9568
1240    444
1241    339
1242   5966
1243    382
1244    330
1245    307
1246    385
1247    317
1248   8268
1249    452
1250   6619
1251    387
1252   7275
1253    421
1254    411
1255    392
1256    423
1257   8155
1258    361
1259    399
1260   7109
1261    557
1262    397
1263   8921
1264    368
1265    343
1266    376
1267    402
1268   6250
1269    578
1270    477
1271   9577
1272    397
1273   5580
1274    424
1275    439
1276    380
1277    416
1278  10551
1279    434
1280    438
1281   4654
1282    428
1283    324
1284   8415
1285    348
1286    381
1287    399
1288    346
1289   3524
1290    373
1291    368
1292  10562
1293    397
1294   3289
1295    389
1296    302
1297    364
1298   1757
1299   8594
1300    373
1301    313
1302   2129
1303    394
1304    367
1305  10144
1306    392
1307    356
1308    413
1309    360
1310   1394
1311    384
1312   9789
1313    402
1314    388
1315   1119
1316    357
1317    419
1318    345
1319   9481
1320    368
1321    393
1322    411
1323    643
1324    353
1325    440
1326  11459
1327    361
1328    339
1329    393
1330    327
1331    520
1332    393
1333  10689
1334    351
1335    385
1336    522
1337    429
1338    350
1339    377
1340  11261
1341    312
1342    384
1343    399
1344    355
1345    383
1346    422
1347  10311
1348    428
1349    323
1350    413
1351    301
1352    407
1353    365
1354  10454
1355    493
1356    445
1357    318
1358    379
1359    365
1360    416
1361  10434
1362    360
1363    343
1364    388
1365    390
1366    345
1367   7945
1368   2798
1369    434
1370    335
1371    379
1372    344
1373    321
1374    321
1375  10110
1376    317
1377    358
1378    318
1379    378
1380    338
1381    373
1382   9857
1383    313
1384    346
1385    424
1386    387
1387    349
1388  10137
1389    364
1390    343
1391    415
1392    354
1393    375
1394    406
1395    393
1396  10926
1397    386
1398    340
1399    346
1400    316
1401    282
1402    379
1403  10099
1404    293
1405    355
1406    379
1407    360
1408    372
1409  10211
1410    338
1411    353
1412    427
1413    400
1414    392
1415    384
1416    397
1417  10992
1418    466
1419    426
1420    354
1421    409
1422    368
1423    411
1424   9429
1425    354
1426    338
1427    370
1428    338
1429    333
1430  10908
1431    361
1432    365
1433    479
1434    510
1435    415
1436    443
1437    355
1438  10447
1439    358
1440    369
1441    385
1442    393
1443    307
1444    329
1445   9854
1446    377
1447    355
1448    398
1449    374
1450    319
1451  11772
1452    349
1453    347
1454    379
1455    345
1456    340
1457    392
1458    328
1459  10350
1460    363
1461    323
1462    362
1463    370
1464    368
1465    376
1466  11607
1467    368
1468    389
1469    297
1470    376
1471    398
1472  10503
1473    437
1474    346
1475    392
1476    362
1477    383
1478    374
1479   8186
1480   2360
1481    359
1482    373
1483    314
1484    359
1485    266
1486  10557
1487    341
1488    412
1489    364
1490    353
1491    383
1492    377
1493   9229
1494    399
1495    383
1496    369
1497    381
1498    349
1499    373
1500   9691
1501    348
1502    345
1503    369
1504    342
1505    431
1506    341
1507   9431
1508    357
1509    337
1510    485
1511    309
1512    289
1513    330
1514   9753
1515    534
1516    365
1517    421
1518    307
1519    403
1520    348
1521   8638
1522    338
1523    308
1524    360
1525    329
1526    555
1527    295
1528   9282
1529    334
1530    773
1531    331
1532    397
1533    380
1534   2065
1535   6598
1536    871
1537    341
1538    399
1539    375
1540    348
1541    331
1542   9464
1543    338
1544    371
1545    355
1546    385
1547   1426
1548    329
1549   8454
1550    362
1551   2306
1552    307
1553    311
1554    382
1555   8384
1556    366
1557   2250
1558    335
1559    362
1560    332
1561    321
1562    310
1563   7063
1564    362
1565    298
1566    362
1567    273
1568   2950
1569    293
1570   5576
1571    338
1572   3711
1573    301
1574    300
1575    296
1576   6534
1577    334
1578   3734
1579    306
1580    319
1581    340
1582    347
1583    324
1584   6374
1585    310
1586    298
1587    314
1588    295
1589   3873
1590    272
1591   4716
1592    287
1593   5041
1594    339
1595    290
1596    285
1597   4875
1598    369
1599   4363
1600    263
1601    320
1602    308
1603    311
1604    293
1605   2685
1606    284
1607    271
1608    277
1609   1316
1610   1867
1611    277
1612   1364
1613    286
1614   1861
1615    296
1616    258
1617    275
1618   1740
1619    327
1620   4600
1621    294
1622    316
1623    295
1624    286
1625    319
1626   2636
1627    303
1628    324
1629    302
1630   6812
1631    347
1632    333
1633   1893
1634    308
1635   6181
1636    315
1637    334
1638    287
1639   1505
1640   2987
1641   4656
1642    313
1643    332
1644    339
1645    372
1646    513
1647    780
1648    291
1649    272
1650    319
1651   2627
1652    316
1653    300
1654    322
1655    280
1656   2211
1657    273
1658    285
1659    226
1660    359
1661   2302
1662    263
1663    277
1664    257
1665    282
1666    279
1667    429
1668    318
1669    278
1670    264
1671    245
1672   6812
1673    301
1674    434
1675    325
1676    305
1677   7363
1678    334
1679    327
1680    372
1681    389
1682   8684
1683    372
1684    344
1685    339
1686    365
1687    326
1688    352
1689    341
1690    343
1691    310
1692    318
1693   7947
1694    354
1695    324
1696    360
1697   6273
1698   1581
1699    282
1700    360
1701    324
1702    357
1703   8159
1704    306
1705    280
1706    319
1707    305
1708    312
1709    273
1710    387
1711    328
1712    394
1713    285
1714   6150
1715    323
1716    354
1717    321
1718   6062
1719    261
1720    340
1721    337
1722    337
1723    320
1724   5923
1725    290
1726    318
1727    295
1728    314
1729    270
1730    379
1731    281
1732    313
1733    336
1734    299
1735   6003
1736    349
1737    316
1738    325
1739   7024
1740    308
1741    299
1742    310
1743    294
1744    312
1745   6317
1746    276
1747    319
1748    516
1749    562
1750    408
1751    352
1752    337
1753    262
1754    313
1755    298
1756   4096
1757    243
1758    303
1759    301
1760   4527
1761    278
1762    285
1763    282
1764    331
1765    282
1766   4932
1767    257
1768    280
1769    311
1770    288
1771    287
1772    338
1773    305
1774    308
1775    301
1776    327
1777   6790
1778    329
1779    357
1780    309
1781   7191
1782    241
1783    290
1784    296
1785    315
1786    283
1787   7196
1788    382
1789    355
1790    316
1791    320
1792    333
1793    354
1794    385
1795    327
1796    359
1797   8530
1798    347
1799    321
1800    259
1801    274
1802   6358
1803    313
1804    345
1805    260
1806    315
1807    345
1808   7719
1809    282
1810    324
1811    322
1812    339
1813    355
1814    354
1815    364
1816    315
1817    298
1818   7716
1819    397
1820    363
1821    319
1822    333
1823   7987
1824    321
1825    333
1826    292
1827    309
1828   7375
1829    312
1830    297
1831    338
1832    353
1833    287
1834    349
1835    280
1836    370
1837    372
1838    317
1839   9081
1840    317
1841    316
1842    346
1843    373
1844   8525
1845    323
1846    433
1847    330
1848    339
1849   8864
1850    348
1851    288
1852    361
1853    299
1854    325
1855    333
1856    307
1857    328
1858    317
1859    287
1860   8114
1861    324
1862    330
1863    304
1864   2299
1865   5677
1866    335
1867    429
1868    279
1869    300
1870   7454
1871    306
1872    349
1873    425
1874    346
1875    289
1876    334
1877    313
1878    381
1879    299
1880    342
1881   8192
1882    349
1883    338
1884    300
1885   9180
1886    334
1887    333
1888    648
1889    365
1890    300
1891   8583
1892    340
1893    347
1894    730
1895    262
1896    343
1897    279
1898    320
1899    842
1900    310
1901    310
1902   8389
1903    352
1904    327
1905    338
1906   7514
1907    371
1908    403
1909   1531
1910    357
1911    277
1912   7915
1913    340
1914    342
1915   1940
1916    460
1917    510
1918    312
1919    333
1920   2119
1921    313
1922    388
1923   7644
1924    336
1925    305
1926    369
1927   7754
1928    397
1929    359
1930   3709
1931    367
1932    380
1933   7677
1934    365
1935    294
1936   3749
1937    341
1938    351
1939    330
1940   4778
1941    346
1942    362
1943    361
1944   8142
1945    341
1946    326
1947    311
1948   6347
1949    331
1950    312
1951   5969
1952    358
1953    343
1954   5955
1955    306
1956    381
1957   5883
1958    361
1959    327
1960    336
1961   6258
1962    348
1963    326
1964   4406
1965   1391
1966    320
1967    382
1968    323
1969   4703
1970    318
1971   7897
1972    300
1973    309
1974    337
1975   4987
1976    361
1977   8362
1978    426
1979    390
1980    422
1981    337
1982   8249
1983    385
1984    354
1985   4496
1986    410
1987    329
1988    433
1989    336
1990   3545
1991    340
1992   9307
1993    344
1994    350
1995   2635
1996   1181
1997    348
1998   8990
1999    356
2000    352
2001    390
2002    327
2003   8932
2004    447
2005    356
2006   1705
2007    431
2008    307
2009    487
2010    328
2011   1354
2012    348
2013   8616
2014    314
2015    358
2016   1200
2017    304
2018    310
2019   9388
2020    386
2021    427
2022    303
2023    340
2024  10700
2025    408
2026    345
2027    689
2028    361
2029    337
2030    348
2031    294
2032    567
2033    320
2034   9092
2035    319
2036    293
2037    539
2038    332
2039    314
2040   7682
2041    338
2042    394
2043    289
2044    322
2045   8267
2046    377
2047    636
2048    582
2049    316
2050    375
2051    366
2052    366
2053    410
2054    336
2055   7948
2056    310
2057    362
2058    421
2059    351
2060    357
2061   9457
2062    359
2063    349
2064    351
2065    348
2066   9701
2067    345
2068    401
2069    329
2070    316
2071    341
2072    342
2073    393
2074    373
2075    320
2076   7855
2077    341
2078    387
2079    425
2080    297
2081    346
2082   8979
2083    334
2084    336
2085    287
2086    268
2087   9407
2088    364
2089    354
2090    350
2091    387
2092    312
2093    353
2094    346
2095    326
2096    345
2097   8807
2098    347
2099    330
2100    349
2101    331
2102    317
2103   7962
2104    369
2105    349
2106    383
2107   5725
2108   2727
2109    371
2110    365
2111    382
2112    354
2113    318
2114    331
2115    346
2116    408
2117    425
2118   9514
2119    390
2120    402
2121    346
2122    298
2123    375
2124   9155
2125    344
2126    324
2127    373
2128   8801
2129    442
2130    342
2131    363
2132    326
2133    384
2134    428
2135    322
2136    469
2137    325
2138   7233
2139   2623
2140    419
2141    547
2142    358
2143    503
2144   5472
2145   4085
2146    414
2147    326
2148    405
2149   8778
2150    541
2151    306
2152    477
2153    336
2154    407
2155    464
2156    292
2157    419
2158    319
2159   8824
2160    441
2161    312
2162    534
2163    371
2164    461
2165   8482
2166    424
2167    412
2168    329
2169    462
2170   8478
2171    528
2172    314
2173    449
2174    491
2175    390
2176    579
2177    301
2178    424
2179    393
2180   8713
2181    527
2182    380
2183    505
2184    291
2185    565
2186   8587
2187    522
2188    477
2189    341
2190    595
2191   8870
2192    530
2193    330
2194    495
2195    585
2196    307
2197    492
2198    312
2199    510
2200    361
2201  10106
2202    501
2203    369
2204    524
2205    357
2206    458
2207   9875
2208    638
2209    609
2210    362
2211    608
2212   7638
2213    395
2214    306
2215    604
2216    713
2217    343
2218    387
2219    335
2220    442
2221    380
2222   9127
2223    416
2224    345
2225    477
2226    263
2227    395
2228   9479
2229    396
2230    534
2231    348
2232    518
2233   8195
2234    404
2235    485
2236    348
2237    544
2238    404
2239    442
2240    382
2241    446
2242    387
2243   9610
2244    414
2245    447
2246    378
2247    347
2248    484
2249   9771
2250    304
2251    633
2252    326
2253    487
2254   9784
2255    483
2256    457
2257    339
2258    503
2259    384
2260    407
2261    310
2262    366
2263    423
2264   7196
2265    381
2266    633
2267    344
2268    325
2269    474
2270   7761
2271    403
2272    694
2273    388
2274    982
2275   8322
2276    431
2277    344
2278    313
2279    739
2280    364
2281    337
2282    329
2283    343
2284    438
2285   9290
2286    396
2287   1044
2288    362
2289    304
2290    442
2291   9247
2292    350
2293    998
2294    309
2295   8956
2296    391
2297    301
2298    291
2299    368
2300   1848
2301    339
2302    307
2303    305
2304    314
2305   1396
2306   7028
2307    361
2308   2160
2309    357
2310    293
2311    485
2312   8470
2313    331
2314   2421
2315    352
2316   6158
2317    346
2318    334
2319    330
2320    307
2321   3119
2322    304
2323    328
2324    307
2325    286
2326   7479
2327    375
2328    315
2329   4135
2330    359
2331    310
2332   7479
2333    316
2334    341
2335   4480
2336    338
2337   8164
2338    329
2339    309
2340    362
2341    289
2342   5137
2343    356
2344    299
2345    337
2346    354
2347   7050
2348    366
2349   1927
2350   4108
2351    307
2352    346
2353   7357
2354    365
2355    397
2356   6048
2357    300
2358   5924
2359    324
2360    313
2361    331
2362    281
2363   7929
2364    378
2365    340
2366    343
2367    290
2368   4382
2369    349
2370   8260
2371    349
2372    400
2373    338
2374   4489
2375    344
2376    400
2377   7188
2378    341
2379   4792
2380    286
2381    326
2382    332
2383    337
2384   7540
2385    364
2386    348
2387    318
2388    361
2389   3048
2390    370
2391   8538
2392    294
2393    304
2394    327
2395   3139
2396    295
2397    337
2398   6936
2399    314
2400   2646
2401    322
2402    318
2403    397
2404    308
2405   6920
2406    298
2407    316
2408    372
2409    294
2410   1386
2411    312
2412   7450
2413    311
2414    354
2415    328
2416   1407
2417    351
2418   5787
2419   2273
2420    294
2421   1215
2422    301
2423    352
2424    374
2425   8056
2426    358
2427    369
2428    352
2429    321
2430    365
2431    500
2432    337
2433   8095
2434    284
2435    298
2436    306
2437    512
2438    355
2439   8808
2440    389
2441    550
2442    866
2443    385
2444    328
2445    311
2446   7121
2447    344
2448    373
2449    353
2450    403
2451    320
2452    428
2453    357
2454   6861
2455    341
2456    367
2457    356
2458    407
2459    321
2460   7939
2461    292
2462    379
2463    333
2464    294
2465    356
2466    277
2467   7838
2468    350
2469    304
2470    292
2471    367
2472    297
2473    394
2474    382
2475   7492
2476    311
2477    291
2478    306
2479    399
2480    360
2481   8356
2482    336
2483    463
2484    399
2485    400
2486    325
2487    319
2488   8576
2489    316
2490    287
2491    341
2492    369
2493    385
2494    365
2495    382
2496   9352
2497    384
2498    322
2499    419
2500    392
2501    341
2502   6902
2503    295
2504    348
2505    327
2506    383
2507    326
2508    293
2509   6275
2510    343
2511    274
2512    318
2513    379
2514    395
2515    430
2516    352
2517   7089
2518    296
2519    386
2520    345
2521    340
2522    331
2523   7519
2524    348
2525    362
2526    326
2527    295
2528    384
2529    337
2530   7319
2531    381
2532    379
2533    356
2534    310
2535    335
2536    335
2537   6246
2538    352
2539    350
2540    337
2541    370
2542    340
2543    375
2544   7250
2545    475
2546    534
2547    498
2548    422
2549    400
2550    304
2551   6642
2552    309
2553    298
2554    354
2555    317
2556    343
2557    332
2558   7147
2559    361
2560    357
2561    370
2562    351
2563    313
2564    296
2565   7531
2566    302
2567    383
2568    309
2569    292
2570    318
2571    326
2572   6131
2573    295
2574    294
2575    327
2576    337
2577    378
2578    349
2579   7960
2580    332
2581    340
2582    338
2583    346
2584    300
2585   1043
2586   6383
2587    289
2588    294
2589    301
2590    390
2591    355
2592   4872
2593   2554
2594    295
2595    321
2596    308
2597    304
2598    359
2599    360
2600   6663
2601    322
2602    328
2603    366
2604    343
2605    294
2606   8472
2607    336
2608    320
2609    370
2610    348
2611    384
2612    304
2613   8277
2614    309
2615    293
2616    296
2617    322
2618    365
2619    411
2620    335
2621   7425
2622    321
2623    348
2624    291
2625    323
2626    318
2627   7776
2628    311
2629    366
2630    322
2631    376
2632    336
2633    380
2634   8023
2635    351
2636    389
2637    317
2638    329
2639    351
2640    338
2641    329
2642   7592
2643    300
2644    290
2645    357
2646    381
2647    329
2648   8334
2649    313
2650    315
2651    285
2652    346
2653    297
2654    325
2655   5778
2656    315
2657    290
2658    314
2659    317
2660    343
2661    338
2662    302
2663   7100
2664    331
2665    293
2666    305
2667    295
2668    280
2669   6319
2670    338
2671    327
2672    293
2673    335
2674    355
2675    308
2676   6140
2677    340
2678    309
2679    296
2680    346
2681    370
2682    403
2683    334
2684   5223
2685    322
2686    314
2687    344
2688    329
2689    286
2690   8054
2691    408
2692    363
2693    318
2694    327
2695    306
2696    350
2697   7917
2698    329
2699    325
2700    333
2701    291
2702    373
2703    467
2704   4567
2705   3454
2706    363
2707    345
2708    482
2709    312
2710    326
2711   6921
2712    515
2713    308
2714    342
2715    313
2716    325
2717    317
2718   7493
2719    331
2720    344
2721    300
2722    322
2723    395
2724    866
2725   7703
2726    340
2727    323
2728    335
2729    666
2730    354
2731    348
2732   6252
2733   1014
2734    331
2735    301
2736    346
2737    318
2738    295
2739   6687
2740    338
2741    341
2742    324
2743    342
2744    367
2745   1692
2746   6222
2747    326
2748    293
2749   1479
2750    310
2751    321
2752    325
2753   6570
2754   1798
2755    317
2756    348
2757    334
2758    327
2759    413
2760   4680
2761    322
2762    280
2763    306
2764    327
2765    321
2766   2992
2767   4702
2768    332
2769    295
2770   1926
2771    358
2772    323
2773   5626
2774    698
2775   3145
2776    311
2777    299
2778    355
2779    312
2780   5747
2781    307
2782    291
2783    264
2784    309
2785    318
2786   4065
2787    305
2788   5356
2789    325
2790    321
2791   4378
2792    282
2793    356
2794   5436
2795    288
2796   4816
2797    358
2798    324
2799    385
2800    346
2801   5898
2802    306
2803    304
2804    341
2805    319
2806    379
2807   6215
2808    312
2809   5487
2810    359
2811    330
2812   5825
2813    337
2814    327
2815   4390
2816    334
2817   6157
2818    305
2819    323
2820    355
2821    269
2822   3879
2823    330
2824    324
2825    390
2826    321
2827    363
2828   7334
2829    352
2830   2988
2831    337
2832    286
2833   7099
2834    361
2835    379
2836   2849
2837    368
2838   5995
2839    322
2840    288
2841    340
2842    303
2843   2461
2844    331
2845    345
2846    281
2847    289
2848    342
2849   5951
2850    371
2851   2217
2852    372
2853    311
2854   6973
2855    303
2856    316
2857   1864
2858    331
2859   5464
2860    306
2861    357
2862    342
2863    332
2864   1281
2865    359
2866    346
2867    345
2868    292
2869    298
2870   6629
2871    351
2872   1170
2873    363
2874    287
2875   7417
2876    350
2877    320
2878    777
2879   7424
2880    370
2881    290
2882    325
2883    319
2884    315
2885    653
2886    329
2887    324
2888    338
2889    294
2890    370
2891   6583
2892    604
2893    328
2894    371
2895    335
2896   6446
2897    374
2898    347
2899    487
2900   5798
2901    346
2902    297
2903    307
2904    328
2905    302
2906    366
2907    300
2908    329
2909    299
2910    306
2911    301
2912   5963
2913    431
2914    306
2915    308
2916   5441
2917    696
2918    346
2919    302
2920    374
2921   5965
2922    325
2923    342
2924    284
2925    304
2926    324
2927    313
2928    309
2929    296
2930    326
2931    319
2932    374
2933   7099
2934    405
2935    352
2936    296
2937   6871
2938    372
2939    296
2940    350
2941    326
2942   6650
2943    313
2944    344
2945    311
2946    311
2947    303
2948    285
2949    302
2950    310
2951    340
2952    304
2953   5264
2954   1647
2955    313
2956    355
2957    313
2958   6291
2959    348
2960    366
2961    355
2962    368
2963   5971
2964    343
2965    323
2966    305
2967    294
2968    327
2969    348
2970    363
2971    308
2972    321
2973    352
2974   7666
2975    347
2976    330
2977    290
2978    333
2979   7960
2980    348
2981    387
2982    355
2983    300
2984   7296
2985    314
2986    312
2987    323
2988    332
2989    338
2990    335
2991    293
2992    335
2993    344
2994    330
2995   7222
2996    333
2997    345
2998    334
2999    326
3000   7385
3001    379
3002    330
3003    349
3004    313
3005   6903
3006    304
3007    337
3008    369
3009    285
3010    293
3011    371
3012    301
3013    311
3014    275
3015    345
3016   7367
3017    288
3018    375
3019    434
3020    504
3021   7900
3022    378
3023    335
3024    411
3025    350
3026   6779
3027    375
3028    355
3029    347
3030    380
3031    364
3032    352
3033    351
3034    367
3035    320
3036    371
3037   7548
3038    341
3039    366
3040    407
3041    330
3042   8581
3043    351
3044    382
3045    348
3046   3534
3047   3272
3048    405
3049    342
3050    366
3051    413
3052    416
3053    327
3054    411
3055    296
3056    396
3057    374
3058   6588
3059    386
3060    372
3061    343
3062    415
3063   7481
3064    342
3065    312
3066    334
3067   7471
3068    352
3069    434
3070    381
3071    307
3072    331
3073    334
3074    360
3075    396
3076    326
3077    334
3078    317
3079   7697
3080    358
3081    373
3082    336
3083   2167
3084   5409
3085    365
3086    341
3087    348
3088   6895
3089    338
3090    337
3091    386
3092    342
3093    328
3094    347
3095    289
3096    310
3097    348
3098    335
3099    300
3100   6873
3101    409
3102    397
3103    378
3104   6958
3105    328
3106    354
3107    354
3108    309
3109   6296
3110    331
3111    508
3112    582
3113    314
3114    334
3115    360
3116    290
3117    338
3118    333
3119    335
3120   1125
3121   6569
3122    346
3123    349
3124    380
3125   6733
3126    408
3127    320
3128    374
3129    340
3130   6928
3131    364
3132    341
3133    350
3134    317
3135    305
3136    380
3137    326
3138    355
3139    353
3140    322
3141   6652
3142    376
3143    416
3144    302
3145    378
3146   6230
3147    340
3148    425
3149    409
3150    351
3151   6961
3152    349
3153    359
3154    370
3155    333
3156    342
3157    423
3158    310
3159    363
3160    323
3161    353
3162   5547
3163    369
3164    309
3165    360
3166    348
3167   7244
3168    341
3169    448
3170    370
3171    376
3172   7161
3173    456
3174    375
3175    363
3176    327
3177    296
3178    380
3179    309
3180    325
3181    385
3182    335
3183   7420
3184    392
3185    331
3186    371
3187    358
3188   6501
3189    368
3190    440
3191    317
3192    331
3193   6560
3194    514
3195    328
3196    336
3197    371
3198    317
3199    489
3200    325
3201    325
3202    342
3203    352
3204   5483
3205    408
3206    342
3207    305
3208    362
3209   6554
3210    322
3211    679
3212    766
3213    649
3214   6902
3215    743
3216    374
3217    403
3218    378
3219    404
3220    936
3221    295
3222    356
3223    336
3224    383
3225   5529
3226    343
3227    362
3228    367
3229    352
3230   6527
3231    327
3232   1179
3233    301
3234   5406
3235    357
3236   1198
3237    357
3238    349
3239    302
3240    392
3241   1686
3242    349
3243    331
3244    343
3245    411
3246   6458
3247    564
3248    412
3249    343
3250    359
3251   6015
3252    340
3253   1981
3254    342
3255   5447
3256    342
3257   2488
3258    357
3259    310
3260    289
3261    657
3262   2089
3263    307
3264    254
3265    323
3266    315
3267   5474
3268    288
3269    325
3270    333
3271   4786
3272    495
3273    315
3274   1966
3275    234
3276    507
3277    319
3278    387
3279    329
3280    348
3281    367
3282    377
3283    330
3284    321
3285    348
3286    366
3287    338
3288    339
3289    340
3290    281
3291    335
3292    303
3293    313
3294    341
3295    297
3296    286
3297    330
3298    345
3299    345
3300    307
3301    321
3302    355
3303    350
3304    289
3305    312
3306    303
3307    256
3308    261
3309    331
3310    271
3311    285
3312    280
3313    274
3314    257
3315    271
3316    328
3317    254
3318    261
3319    321
3320    290
3321    306
3322    268