22738 13124
18383 13129
17185 12893
16372 12857
17041 13124
18073 13059
21632 13003
22283 13049
18272 12803
16758 12809
16258 12768
16968 12905
18421 12631
25664 12684
20541 12630
18039 12664
16611 12642
15801 12594
16839 12544
18428 12534
23652 12575
20530 12448
17780 12577
15951 12754
16258 12470
17493 12642
19591 12262
30154 14589
21929 12493
17407 12480
15931 12213
15916 12135
17659 12379
19874 12322
24858 12361
19195 12402
16839 12253
15327 13470
16440 12366
19987 11996
22186 12142
28136 12104
17831 12190
16277 11876
15342 12080
16277 11846
18035 12187
21580 11936
23534 11921
17767 12031
16096 11895
15348 11766
16698 11900
19068 11819
25436 11856
24146 11805
17808 11834
15938 11662
15092 11865
17260 11781
18991 11537
23015 11594
20617 11575
16780 11524
15184 11464
15535 11768
17562 11645
20447 11607
26908 11433
21308 11634
17026 11584
15026 11500
15327 11532
17673 11275
19459 11379
23817 11261
19078 11459
16115 11321
14727 11426
16277 11148
18743 11363
22371 11491
26607 11298
20044 11079
16257 11366
14600 11143
15826 11204
18456 11209
20666 11173
22906 11106
17643 11226
15103 11180
15183 11296
17338 11078
20574 11311
24099 11314
25095 11119
18785 11073
15328 11062
15190 11151
17598 11271
19063 11135
22353 11009
20566 11027
16504 10930
14515 11129
15886 11084
18643 11061
22041 10962
26354 11189
22919 11002
18315 11040
15044 11028
16267 11284
18567 11124
20133 11112
22813 11085
19269 11163
15859 11040
14682 10922
16964 11055
20061 11113
23247 11425
27048 11132
21298 11110
16950 10834
15853 11176
18210 11235
19218 11289
21458 11215
22990 11072
19056 11293
15561 11545
16033 11196
18645 11193
21900 11548
25596 11346
25960 11399
19391 11383
16399 11623
17637 11495
19163 11390
20132 11692
22673 11718
23128 11706
18339 11691
15756 11697
17821 11688
20220 11765
23552 11831
27180 11996
24262 12170
18781 12052
17375 12212
22635 12032
19630 12251
21768 11880
25535 12165
21964 12110
17886 12334
16674 12303
20298 12342
22037 12400
25411 12493
28762 12689
25942 12740
19286 12044
24049 11246
28565 11007
19605 11317
22905 11041
26036 11201
21113 11459
17142 11465
19525 11767
21904 11814
22412 11612
27741 11753
32760 11641
26478 11833
20492 11869
55135 11725
22753 11951
21757 12055
26627 12159
26180 12398
20514 12399
17346 12596
26676 12772
21253 12440
24490 12813
35556 12921
36269 12880
26497 12874
29742 13047
81085 13210
21134 13170
24005 13180
28848 13609
24767 13875
20490 13577
22704 13738
29326 14108
21714 14160
32399 14000
41835 14187
36476 14349
25388 14203
181475 14372
66332 14677
22553 14591
26624 14561
30122 15006
24054 14837
20298 15025
37317 15015
22788 15310
26775 15471
40532 15599
45123 15489
35583 15771
25750 15993
66285 15861
22433 16016
24876 16150
30135 16259
28857 16089
23783 16752
22759 16832
39299 16975
23958 17109
34830 16926
46823 17313
44327 17509
33046 17645
28434 17915
39997 17942
23956 18116
27476 18166
33145 18352
27854 18205
23761 18697
30601 18485
30288 18986
29306 18987
42298 18942
60452 19424
41636 19312
30552 19610
33697 19832
28378 19836
25572 20141
