4896 1281
1669 1245
2931 1284
2017 1280
1503 1237
1567 1212
1553 1186
2000 1270
2684 1284
2673 1251
2921 1221 
3228 1206
3615 1170
4628 1241
2159 1177
2334 1160
1611 1165
1198 1203
1222 1200
1247 1292
1192 1296
1285 1211
1105 1193
1146 1191
1402 1217
1356 1172
1245 1232
1277 1202
1639 1204
1809 1324
1665 1203
1443 1172
1833 1201
2162 1170
1199 1134
1211 1205
1147 1211
1187 1165
1195 1172
1138 1205
1162 1151
1832 1195
1172 1255
1206 1262
1473 1200
1817 1227
1205 1206
1755 1202
1255 1241
1158 1235
1244 1181
1241 1197
1385 1227
4281 1305
3802 1216
2190 1307
1342 1236
1217 1225
1189 1291
1174 1251
1209 1242
1281 1216
1516 1367
1253 1235
1204 1270
1319 1283
1636 1331
1468 1332
1475 1260
1362 1297
1501 1312
3050 1137
4816 1174
1668 1121
1689 1312
2154 1184
3233 1221
5710 1240
7418 1192
6994 1271
4428 1220
2432 1267
1714 1231
2840 1293
57957 1262
29549 1303
1880 1214
1690 1262
2193 1416
3224 1334
5290 1332
8062 1371
4357 1327
2782 1301
1606 1361
1761 1402
3789 1400
22872 1397
7471 1331
1914 1350
1760 1403
2718 1427
5656 1396
8762 1475
10764 1461
8101 1482
4750 1647
2512 1564
2028 1432
3787 1562
11167 1554
5401 1551
1423 1620
1458 1642
1469 1607
1461 1581
1461 1625
2138 1634
3918 1740
2429 1722
1737 1824
1992 1734
4272 1707
9307 1830
3310 1757
1517 1783
1605 1765
1571 1846
5455 1810
12007 1816
10688 1753
5996 1820
1878 1874
1784 1940
1616 2003
2422 1880
3308 2040
2560 1921
2174 2040
2293 2070
2764 1996