434 61
462 63
446 74
136 70
401 70
420 85
406 57
415 64
367 81
377 70
353 73
367 70
330 94
317 60
333 61
375 61
329 54
309 70
323 70
293 70
281 65
307 81
292 63
276 60
267 70
283 83
241 67
286 80
271 74
236 76
219 67
190 66
218 77
218 71
203 77
220 55
172 72
202 72
192 74
180 85
185 64
149 72
167 61
140 70
155 53
155 62
138 66
163 60
158 73
99 61
116 70
130 70
157 63
174 70
175 63
178 53
145 70
157 86
102 70
90 67
116 71
101 61
81 51
108 72
109 62
84 62
74 70
70 73
94 61
99 71
93 66
90 62
70 61
83 60
89 61
97 104
84 144
106 132
98 135
102 150
91 125
86 61
83 60
119 80
114 60
104 72
118 72
136 82
92 71
87 83
103 74
79 73
97 70
106 73
106 70
99 62
112 71
94 80
91 70
134 62
97 82
108 70
120 90
137 77
134 73
161 71
198 87
169 87
143 112
171 81
188 110
209 105
222 70
238 77
280 83
266 73
307 100
268 70
244 75
301 72
302 87
351 60
392 61
425 71
397 64
361 93
369 76
354 62
309 81
469 71
433 84
437 62
537 70
648 72
478 61
582 77
604 84
557 60
498 80
420 65
410 84
379 70
434 63
400 70
440 81
432 64
342 65
328 74
325 77
340 80
327 74
306 65
307 52
234 87
289 85
232 90
219 81
274 60
246 63
175 51
142 85
184 86
135 71
138 66
130 61
169 72
154 104
139 116
109 91
122 90
132 90
127 81
121 81
120 67
103 77
102 70
96 73
89 71
89 76
95 71
95 60
92 72
95 85
86 71
81 61
79 80
84 86
81 84
83 71
94 73
88 81
76 101
75 65
73 61
70 50
75 74
87 87
74 70
75 64
63 62
76 81
65 67
75 80
82 72
71 60
57 82
76 61
83 77
81 61
75 75
83 73
83 71
86 81
76 86
87 73
85 70
100 61
90 97
83 81
115 77
104 83
128 81
121 74
124 94
112 91
110 71
105 74
105 73
127 87
115 83
143 71
128 74
129 82
133 83
119 80
135 60
129 80
135 86
145 72
137 75
155 83
135 70
148 61
167 77
192 91
173 114
170 92
194 93
186 83
224 84
194 60
231 90
201 81
219 81
254 84
230 90
228 105
234 87
220 86
228 73
225 66
272 87
232 77
239 80
217 61
218 86
240 86
261 93
266 71
327 86
311 74
295 60
272 60
286 71
305 81
328 70
351 66
323 71
369 86
371 72
340 83
406 70
385 91
418 67
409 87
397 64
444 61
451 74
433 71
467 72
510 73
510 81
550 75
514 71
526 73
505 71
475 77
498 75
436 62
426 92
450 72
366 85
382 84
369 87
374 80
309 90
302 57
313 86
308 63
329 75
293 85
288 81
259 75
244 81
254 81
272 74
231 82
220 83
259 70
221 84
209 61
212 93
208 71
198 96
194 75
220 82
209 82
192 76
200 81
210 77
193 70
174 72
175 71
177 93
163 93
168 87
175 73
175 75
153 100
157 96
133 70
152 74
169 81
162 93
176 83
120 81
129 85
126 71
148 85
129 70
139 81
135 62
132 67
103 91
124 80
111 71
121 84
99 82
117 74
116 82
94 64
121 77
113 72
87 71
82 84
91 81
92 90
66 74
82 76
91 73
84 80
74 76
93 80
69 87
83 71
81 72
81 73
82 82
82 81
79 65
80 74
86 77
83 81
80 71
79 82
86 80
93 70
58 76
69 84
85 80
90 90
75 86
92 82
82 71
75 100
80 86
71 90
70 80
84 75
84 85
77 90
84 84
74 76
85 84
79 74
95 73
97 91
65 72
75 84
91 85
78 71
98 71
100 91
90 70
97 90
113 77
113 72
112 83
119 80
115 60
123 81
116 87
149 84
144 76
127 92
145 80
177 81
170 85
158 80
171 70
167 87
181 90
168 96
177 74
213 90
196 61
184 82
219 80
219 81
242 71
226 87
213 103
267 67
234 71
353 104
448 86
369 83
434 80
345 87
270 75
278 70
355 80
344 90
326 93
360 100
466 114
526 85
339 95
392 94
515 72
423 70
393 83
391 81
406 81
420 83
403 84
388 71
286 86
326 77
428 83
371 67
280 86
239 84
223 91
218 90
161 71
205 84
187 91
206 94
188 71
139 73
142 82
128 70
128 86
122 72
132 80
145 87
121 85
125 61
122 80
103 87
107 81
82 86
125 71
110 82
99 85
113 85
109 90
88 81
93 87
88 71
110 80
103 76
93 80
77 61
107 80
79 85
125 74
60 71
110 70
110 80
102 76
102 77
108 72
114 90
118 91
128 77
125 85
145 80
124 74
126 86
161 70
157 93
143 75
140 93
138 71
159 70
154 84
181 74
163 80
179 80
169 85
177 76
194 90
198 83
219 73
219 103
191 70
197 87
204 85
204 71
213 71
208 104
221 79
268 66
229 91
250 90
274 90
248 84
234 101
281 77
276 86
308 93
275 70
307 71
329 91
337 63
321 91
343 71
311 87
376 74
321 100
333 91
351 81
351 82
356 96
400 76
416 87
370 114
404 96
415 126
409 111
407 103
433 93
429 101
421 93
441 85
522 87
438 71
469 101
477 97
490 81
409 80
492 92
505 71
549 85
465 77
488 86
509 95
521 90
542 80
531 101
555 95
551 97
523 90
554 70
625 97
556 81
606 96
572 90
541 95
569 90
653 84
584 72
555 83
614 75
582 90
567 76
600 56
592 80
622 70
651 80
619 76
658 81
663 100
751 83
724 83
643 94
624 76
608 74
603 90
588 100
641 84
615 91
614 81
642 94
608 82
628 72
608 84
617 83
565 105
607 93
541 71
543 87
553 87
604 80
599 71
545 83
576 90
532 80
510 80
505 81
501 100
456 83
424 71
462 90
471 81
467 82
511 81
416 75
469 83
471 80
453 86
464 81
454 83
471 86
484 81
480 84
424 84
416 76
368 70
360 96
357 95
384 91
334 75
336 80
339 72
308 80
293 82
275 75
346 70
291 80
263 74
294 82
271 83
239 64
267 94
222 100
253 81
229 104
201 94
226 74
199 101
260 85
244 72
263 90
262 91
264 90
196 83
184 95
181 91
157 61
168 101
142 116
184 97
134 81
156 87
143 70
173 177
144 92
134 80
134 70
112 97
112 92
125 95
117 103
97 90
116 90
95 105
114 132
99 155
103 160
102 150
90 152
120 143
94 84
101 90
181 94
92 85
107 100
120 80
104 94
91 93
98 75
99 103
83 100
100 101
93 85
90 90
93 101
104 92
93 97
83 92
96 82
107 90
107 80
109 80
98 85
104 81
107 92
109 72
102 81
120 81
136 107
121 90
119 95
150 73
125 84
135 94
166 97
153 71
181 107
162 82
181 83
178 71
170 104
164 101
155 87
144 96
146 90
176 91
174 90
180 81
162 82
173 80
184 80
190 102
196 94
182 95
174 80
153 80
169 91
151 80
146 85
183 101
186 90
155 80
194 102
183 102
166 83
186 92
179 70
164 80
148 80
118 80
158 96
113 90
128 81
165 96
139 81
131 90
133 92
118 111
110 96
132 85
127 86
124 115
150 77
127 93
119 84
127 100
114 77
129 94
158 95
126 77
155 102
112 82
120 103
114 104
140 107
123 96
129 84
126 97
116 81
132 93
144 94
140 91
104 85
103 80
116 92
106 82
117 70
102 75
110 94
105 91
136 81
100 80
104 87
84 94
85 80
110 111
109 93
102 90
89 96
85 96
100 95
88 94
89 85
99 82
99 95
102 85
94 111
97 93
124 94
107 105
86 103
85 96
95 91
99 94
95 94
109 94
108 110
107 100
98 97
105 113
94 104
83 61
106 102
103 76
118 81
101 80
123 83
126 107
122 93
122 90
124 95
138 87
107 102
104 94
104 91
105 95
126 94
122 103
145 103
134 80
129 103
136 102
147 92
166 85
143 96
152 92
162 81
159 95
161 83
158 101
168 110
155 80
160 84
153 91
157 117
148 91
201 87
179 103
163 95
174 96
169 84
185 81
154 101
195 105
192 91
178 100
216 104
217 100
211 96
231 94
191 113
206 93
232 96
229 104
275 86
261 87
246 71
274 104
250 80
236 84
251 94
280 90
279 93
275 101
309 97
353 70
354 100
339 96
344 100
392 84
385 76
424 85
415 85
420 90
444 70
465 103
500 113
494 110
522 87
551 90
524 102
527 95
506 86
440 110
445 127
472 96
405 91
415 97
413 110
397 113
389 82
379 107
349 106
324 86
339 80
306 104
311 93
289 85
305 97
340 106
260 82
286 95
261 102
263 104
272 104
261 95
237 105
245 95
227 90
224 96
245 90
200 86
221 117
207 96
195 86
204 111
226 87
205 93
203 90
196 94
208 100
189 100
187 104
178 95
211 106
169 86
195 86
184 96
176 107
186 96
149 102
167 112
149 101
161 94
127 92
142 123
147 103
170 93
141 102
147 92
127 100
128 111
140 83
137 92
149 110
116 85
132 97
95 95
129 90
102 90
115 104
102 90
104 125
118 94
103 70
117 85
103 102
101 90
96 81
115 90
101 105
97 87
111 105
94 90
107 107
87 102
87 96
96 94
86 113
94 101
73 91
82 84
81 91
107 87
70 97
84 90
75 100
91 86
114 104
95 137
94 84
120 111
95 84
84 115
96 110
92 97
94 91
110 80
102 82
103 87
116 106
95 106
93 102
104 121
106 112
102 81
133 102
116 111
116 92
111 105
109 97
121 93
125 100
127 101
108 107
131 110
115 103
104 105
122 102
124 95
129 94
124 100
136 110
122 100
131 96
154 111
136 80
143 115
106 101
131 86
151 97
153 85
159 86
111 83
157 97
158 91
139 110
144 81
168 107
151 102
133 130
121 96
146 95
156 113
146 120
159 90
196 80
150 107
170 95
163 105
133 85
178 96
179 130
154 104
153 90
164 91
184 103
161 91
165 115
193 94
182 95
185 101
155 103
151 95
138 125
120 107
144 112
149 103
167 111
152 103
155 106
183 105
164 87
159 95
185 100
193 93
181 96
174 94
167 93
159 91
164 101
139 120
144 103
125 115
138 110
149 81
145 90
154 96
169 95
152 102
152 115
142 103
149 91
152 100
150 114
172 91
155 97
151 90
175 90
184 114
164 91
183 101
182 101
191 105
176 70
172 114
177 91
176 97
185 106
206 111
213 104
219 112
219 100
187 97
220 97
240 105
209 100
219 102
228 110
226 100
244 114
232 96
275 120
287 111
260 101
268 122
238 101
303 111
290 91
282 100
263 112
293 84
294 106
321 110
314 80
314 102
315 96
303 106
305 100
357 101
318 112
326 115
362 84
359 96
333 106
405 111
361 106
364 114
380 110
408 104
354 106
413 111
402 95
372 103
432 101
440 110
426 91
422 94
465 113
468 121
450 95
463 107
413 115
460 101
160 90
420 105
510 125
463 110
493 97
452 103
495 122
509 100
503 117
201 103
502 95
503 135
495 96
528 116
557 110
513 101
564 101
548 111
502 102
537 110
545 93
616 101
516 97
561 124
575 116
586 106
617 130
527 107
518 117
596 100
638 993
608 111
617 107
604 111
576 125
672 110
620 101
578 97
644 103
580 121
647 120
632 120
639 111
637 110
644 12
631 123
664 101
750 120
750 92
724 85
682 112
628 96
687 107
694 114
321 107
597 103
605 100
556 97
570 91
592 91
596 105
564 91
557 91
529 104
554 82
562 112
474 101
491 100
512 101
509 127
551 101
537 91
492 106
507 100
485 100
504 110
474 101
465 90
469 101
489 110
486 113
472 114
398 112
456 113
443 112
429 114
442 134
411 94
406 100
392 101
376 131
400 100
416 111
338 116
345 133
346 111
331 127
350 125
295 122
348 91
330 101
368 107
284 113
292 100
299 117
262 111
278 100
246 101
293 116
277 124
246 101
238 110
249 105
231 120
240 106
237 111
223 117
221 114
204 106
197 110
205 121
195 97
208 125
178 104
226 101
217 121
179 127
181 107
206 101
181 97
177 90
154 113
156 106
148 112
177 116
159 111
161 113
132 117
161 120
116 120
139 123
123 107
114 101
118 95
108 85
108 114
113 107
119 112
117 97
120 120
105 103
105 117
117 104
99 122
119 107
114 104
118 126
119 91
113 126
113 96
120 113
105 113
106 117
118 131
126 120
122 116
109 101
111 115
102 117
98 116
112 116
112 102
138 131
157 101
131 111
117 101
127 107
170 100
158 112
150 120
172 114
190 104
145 127
129 133
121 101
127 111
132 111
134 102
127 135
123 100
128 111
145 113
131 114
134 110
130 111
124 106
118 106
123 96
98 117
124 103
114 120
107 110
118 123
99 125
134 92
167 111
162 97
164 131
171 104
176 113
156 101
139 126
159 105
168 126
166 110
122 120
124 132
147 104
138 110
127 94
148 131
125 117
107 102
152 116
125 115
124 104
136 122
119 132
125 113
142 120
130 117
103 106
108 132
115 117
114 122
138 125
119 103
109 101
115 115
104 115
106 90
114 132
106 117
117 100
124 132
118 126
141 124
118 121
118 102
116 114
111 112
109 122
119 111
117 131
120 124
116 112
117 93
115 110
120 120
106 105
135 121
113 106
134 136
131 124
125 130
113 107
114 113
131 111
131 101
124 121
126 111
113 122
106 122
136 105
110 114
126 124
127 114
135 125
126 122
98 106
103 134
126 121
112 124
136 105
99 104
114 115
116 103
131 114
130 113
124 112
108 121
