3141 1625
2319 1581
2054 1624
1396 1650
1414 1611
1410 1562
1357 1540
2283 1681
4013 1687
5667 1726
9242 1571
13692 1612
6154 1640
3833 1566
2179 1610
1823 1450
1822 1622
2145 1556
1880 1584
4201 1553
4349 1601
4572 1500
5418 1525
6849 1585
9383 1630
6280 1503
3843 1517
2831 1600
2008 1501
1984 1623
1954 1606
2341 1520
2628 1533
2654 1486
3539 1436
5042 1537
6809 1495
9289 1465
8578 1496
4967 1473
2620 1422
1872 1421
1820 1500
1925 1537
1826 1500
3881 1475
3857 1580
4187 1460
5091 1381
5751 1481
7354 1485
7644 1573
5065 1526
3314 1407
1961 1504
1681 1481
2200 1562
2540 1553
3420 1405
2446 1520
3037 1391
4281 1612
5951 1405
7658 1433
8113 1445
5762 1396
3837 1432
2412 1421
1856 1451
2127 1351
3125 1433
2814 1491
3195 1435
3090 1386
3868 1481
4928 1422
6712 1400
8646 1382
6747 1400
4305 1444
2212 1391
1555 1355
2175 1414
4410 1414
6173 1422
2986 1470
2532 1401
3264 1393
4994 1361
6600 1447
8789 1420
9219 1385
6433 1427
3245 1363
2266 1321
1365 1447
9899 1502
20139 1650
4328 1554
2339 1623
2641 1600
3907 1650
6174 1677
10861 1733
9127 1790
5013 1636
1637 1630
1708 1796
2238 1664
8053 1660
22985 1813
5596 1721
1355 1712
1331 1810
3793 1706
7596 1761
12377 1703
13361 1670
10014 1612
5283 1710
4029 1710
2443 3260
1031 1712
77504 1837
12141 1775
3923 1681
1998 3531
3500 1680
5042 2202
10819 1827
11554 1811
5707 1891
3241 1827
2311 1867
2395 2087
8007 1774
33211 1812
6988 1860
2558 1871
2381 1875
1971 1834
9292 1891
15662 1902
41971 1856
1263 1960
7095 1835
3306 1866
2588 1936
4608 1896
12957 1813
8240 1945
2801 1821
2205 1927
3041 1987
5857 2023
8846 1891
12802 1974
6486 1944
3766 1965
2250 2006
2401 1912
4013 2027
5006 2153
7898 1992
2842 2042
3943 1934
7541 2012
1322 1994
16801 2016
18191 1990
14279 2016
8324 2035
4129 2150
2871 2076
3757 2050
5131 2110
3985 2032
3274 2111
2641 2092
3536 2037
5370 2110
9612 2146
13463 2070
6736 2124
4477 2235
2893 2211
2777 2707
3691 2211
4624 2171
4855 2276
4067 2244
6550 2326
10645 2297
14200 2211
16795 2221
18292 2252
14948 2261
9177 2334
5024 2281
3644 2342
3871 2394
3839 3024
3484 2312
3659 2241
4290 1386
3827 3101
5737 2536
9789 2454
2547 2447
7835 2427
4624 2456
3283 2597
3204 2643
3056 2540
3540 2605
4739 2670
6472 2582
8487 2661
1159 2700
14663 2717
17182 2537
18508 2591
14864 2683
9959 2801
5768 2666
3741 2721
3778 2811
3846 2804
3666 2734
3650 2827
3805 2885
4227 2887
5543 2784
12093 2776
23568 2922
10687 2980
5174 2864
4254 2992
3572 2951
3588 3041
4387 2942
5864 2983
7750 3054
9222 3010
12011 3047
14186 3201
16497 3053
16766 3611
13731 3115
10258 3115
6425 3222
4325 3191
3977 3164
4130 3161
4300 3361
4300 3274
4365 3374
4952 3280
6230 3453
17891 3544
44197 3393
13082 3290
5599 3421
4620 3564
4259 3447
4486 3490
7185 3441
6729 3670
8320 5036
9663 3647
11545 3623
13416 3521
14959 3726
15632 3712
13562 3880
10601 3717
7194 4001
5381 3734
4593 5082
4183 3590
4200 3953
4213 3921