2774 1764
4001 1732
4445 1630
4705 1613
6240 1684
9881 1723
11751 1642
5436 1700
3404 1694
2590 1676
2337 1735
1472 1665
1456 1645
1442 1636
1480 1671
2128 1661
3602 1702
5052 1601
8651 1722
16492 1630
7151 1716 
3915 1642
2427 1695
1828 1685
1900 1684
1950 1664
1767 1647
1866 1691
4325 1541
4691 1697
5321 1673
6262 1635
9774 1616
7410 1613
4168 1617
2828 1614
2191 1521
2153 1617
1949 1570
2225 1805
2447 1672
2762 1561
3083 1641
4482 1601
6294 1605
9237 1550
10364 1545
5527 2450
3195 1600
2012 1447
1951 1577
1930 1577
2526 1571
3442 1566
3942 1560
4099 1540
4615 1500
5432 1494
6636 1620
7825 1496
5558 1577
3723 1501
2268 1421
1690 1391
2125 1591
2327 1502
2730 1516
2555 1515
1778 1492
3711 1591
5409 1450
7153 1522
8905 1497
6753 1453
4045 1430
2546 1451
2026 1551
1915 1474
2360 1375
3071 1505
3379 1465
3372 1486
3903 1550
4636 1521
5584 1530
7625 1535
7487 1492
4739 1525
2866 1554
1707 1497
1916 1534
2774 1506
3435 1513
5043 1541
2648 1637
3198 1707
4358 1632
6565 1550
7316 2121
8151 1454
6623 1531
4057 1472
2387 1500
2399 1456
3592 1624
9005 1651
6493 1766
3092 1752
2690 1784
3412 1827
4681 1800
7477 1703
10417 1740
6069 1770
3661 1750
2117 1757
1837 1777
3177 1762
9768 1800
1028 1766
1862 1795
2303 1811
3039 1791
4654 1653
8280 1770
11571 1752
10383 1761
6663 1725
3515 1857
2440 1813
3274 1794
51463 1833
68430 1862
4899 1876
2388 1711
2619 2180
4220 1821
6978 1881
12454 1853
8208 1860
4003 1845