650
644
592
991
961
730
584
640
593
584
590
586
1001
1202
1522
 2443
1781
1023
770
830
704
654
667
715
706
552
574
1010
2570
2995
1307
902
680
585
622
671
584
661
1093
1157
1241
1607
2052
1331
913
725
664
663
621
670
700
752
875
1052
1411
2104
1873
1163
810
663
610
601
763
830
1023
946
1131
1296
1492
1590
1125
806
693
564
602
700
851
701
724
865
1155
1531
1731
1441
936
697
653
614
772
890
882
826
927
1140
1206
1546
1597
1051
751
605
551
782
960
1091
747
751
735
1193
1490
1633
1510
1116
864
825
1002
2102
1782
950
911
922
1220
1685
2461
1635
1145
790
786
917
2006
2920
970
1232
910
1125
1793
2491
2585
1854
1204
911
925
 5381
26244
1626
871
873
1015
1230
2592
2367
1500
984
822
985
2170
 8864
1801
951
1012
1250
2090
2922
3530
2637
1670
1163
1020
1351
3491
2482
1097
1022
1066
1603
2345
 2970
1833
1281
1060
2174
1761
2715
2465
1241
1233
1681
2464
3397
 4070
3231
2275
1530
1303
1310
1844
1755
1501
1200
1263
1551
2165
 3330
2303
1680
1387
1314
1453
1730
1891
1664
1732
2161
2902
3622
 4123
3695
2907
1967
1607
1566
1620
1781
1687
1672
1651
1831
2235
 3336
 3120
2260
1767
1680
1771
1772
1827
2051
2471
2785
3243
3682
4040
 4100
3397
2613
1365
2001
2071
2070
2040
2000
2006
2175
2530
 3990
4843
2931
2340
2202
2192
2215
2296
2524
2821
3014
3651
 4015
 4330
 1584
 3916
3315
2704
1555
2512
2581
2610